4 0 0 0 0
0 4 0 0 0
0 0 4 0 0
6 0 0 0 0
0 6 0 0 0
0 0 6 0 0
8 0 0 0 0
0 8 0 0 0
0 0 8 0 0
4 4 0 0 0
4 0 4 0 0
0 4 4 0 0
3 3 3 0 0
0 12 0 0 0
0 0 0 12 0
0 27 0 0 0
0 10 12 18 0
0 0 0 12 0
18 0 0 0 0
24 0 0 0 0
6 0 12 0 0
0 0 18 0 0
12 0 0 6 0
12 0 12 0 0
18 0 0 6 0
0 10 20 0 0
9 9 12 12 0
0 18 0 6 0
6 0 12 0 0
9 9 9 0 0
0 0 24 0 0
12 0 0 0 0
12 12 0 0 0
0 12 12 0 0
0 12 0 0 0
0 0 12 0 0
12 6 0 0 0
0 18 0 0 0
0 18 6 0 0
0 0 0 18 0
0 24 0 0 0
0 0 24 12 0
18 12 0 10 0
18 0 0 0 0
0 0 30 0 10
0 20 0 0 0
40 0 0 20 0
15 15 15 15 0
0 0 0 0 30
20 20 0 0 0
30 0 0 0 0
0 0 0 30 0
0 0 30 10 0
10 10 10 0 0
30 0 0 0 0
0 0 40 0 0
30 10 20 0 0
0 30 0 0 0
40 0 0 0 0
0 30 0 0 0
0 0 20 0 0
0 0 0 40 0
10 20 0 0 0
20 0 20 0 0
0 0 0 0 30
30 0 0 0 10
0 10 30 0 0
30 20 0 0 10
30 10 0 0 20
20 20 15 0 15
0 40 0 0 0
20 0 0 0 0
0 0 30 0 0
0 0 30 0 0
0 0 0 20 0
10 0 20 0 0
0 20 20 0 0
0 30 0 0 10
0 10 0 30 0
0 0 30 20 10
10 0 20 0 30
15 15 15 15 15
16 0 0 0 0
0 48 0 0 0
0 0 32 0 0
0 32 64 0 0
0 0 0 64 0
0 24 8 0 0
32 32 0 0 0
32 0 0 32 0
16 0 0 0 48
24 24 24 0 0
0 48 0 0 16
0 0 0 48 16
0 48 32 16 0
16 0 40 0 40
64 48 0 32 0
48 0 48 24 24
0 0 64 0 0
0 0 16 0 0
0 0 0 48 0
24 0 0 0 8
8 24 24 0 0
0 0 0 0 32
16 0 0 32 0
0 0 0 0 48
0 16 0 48 0
0 32 32 0 0
0 48 0 16 0
48 32 0 16 0
96 0 48 0 0
24 24 32 32 0
24 24 24 0 24
0 0 40 40 16
24 24 24 24 24
0 16 0 0 0
0 0 48 0 0
24 0 0 8 0
32 0 32 0 0
0 24 24 8 0
0 0 0 0 64
0 32 0 32 0
0 16 0 0 48
64 48 0 0 32
32 64 64 32 0
0 0 64 32 0
0 24 24 24 0
0 0 0 32 0
24 24 24 24 0
96 48 0 0 0
0 0 32 0 16
55 55 0 22 0
11 33 0 33 0
0 0 55 55 22
0 66 0 22 0
0 22 0 66 0
0 0 88 0 0
0 0 22 0 0
0 0 0 66 0
0 0 0 0 44
22 0 0 44 0
0 44 44 0 0
33 0 0 0 11
33 33 44 44 0
0 0 0 0 66
132 0 66 0 0
35 45 55 65 75
33 33 33 0 33
50 40 30 20 10
33 33 33 33 0
66 0 0 0 0
33 0 0 11 0
132 66 0 0 0
0 0 44 0 22
0 0 0 44 0
0 0 0 0 88
0 44 0 44 0
0 33 33 11 0
88 88 44 44 0
66 66 0 0 33
0 22 0 0 0
44 0 44 0 0
0 33 33 33 0
0 22 0 0 66
0 0 88 44 0
66 33 0 66 0
44 44 0 0 0
66 0 66 33 33
33 33 33 33 33
0 66 0 0 0
0 55 55 22 0
0 66 0 0 22
0 0 44 0 0
0 33 11 0 0
0 0 0 66 22
44 0 0 44 0
22 0 0 0 66
22 0 0 0 0
22 0 55 0 55
33 33 33 0 0
0 44 88 0 0
0 0 0 76 0
42 42 42 0 0
0 70 70 28 0
42 42 42 0 42
56 112 112 56 0
28 70 0 70 0
28 28 28 140 0
28 0 70 0 70
0 42 42 42 0
42 42 42 0 0
80 0 80 80 40
0 0 70 70 28
70 70 0 28 0
0 42 42 42 42
0 70 70 28 0
0 0 42 42 42
84 84 0 0 42
84 0 0 84 42
28 28 140 28 0
42 42 42 42 42
98 28 28 28 28
28 98 28 28 28
28 28 98 28 28
28 28 28 98 28
28 28 28 28 98
