A B C D E Taste Sensation Aroma Visual Sound
4  0  0  0  0  0 0 1 0 0
0  4  0  0  0  0 1 0 0 0
0  0  4  0  0  1 0 0 0 0
6  0  0  0  0  0 0 0 0 0
0  6  0  0  0  0 0 0 0 0
0  0  6  0  0  0 0 0 0 0
8  0  0  0  0  0 -1 0 0 0
0  8  0  0  0  0 0 -1 0 0
0  0  8  0  0  -1 0 0 0 0
4  4  0  0  0  0 0 0 0 0
4  0  4  0  0  0 0 0 0 0
0  4  4  0  0  0 0 0 0 0
3  3  3  0  0  0 0 0 0 0
0  12  0  0  0  0 1 0 0 0
0  0  0  12  0  0 0 0 1 0
0  27  0  0  0  -1 0 0 0 1
0  10  12  18  0  0 0 0 0 0
0  0  0  12  0  0 0 0 0 0
18  0  0  0  0  0 0 0 0 0
24  0  0  0  0  0 -1 0 0 0
6  0  12  0  0  0 0 0 0 0
0  0  18  0  0  0 0 0 0 0
12  0  0  6  0  0 0 0 0 0
12  0  12  0  0  0 0 0 0 0
18  0  0  6  0  0 0 0 0 0
0  10  20  0  0  0 0 0 0 0
9  9  12  12  0  0 0 0 0 0
0  18  0  6  0  0 0 0 0 0
6  0  12  0  0  0 0 1 0 0
9  9  9  0  0  0 0 0 0 0
0  0  24  0  0  -1 0 0 0 0
12  0  0  0  0  0 0 1 0 0
12  12  0  0  0  0 0 0 0 0
0  12  12  0  0  0 0 0 0 0
0  12  0  0  0  0 1 0 0 0
0  0  12  0  0  1 0 0 0 0
12  6  0  0  0  0 1 0 0 0
0  18  0  0  0  0 0 0 0 0
0  18  6  0  0  0 0 0 0 0
0  0  0  18  0  0 0 0 0 0
0  24  0  0  0  0 0 -1 0 0
0  0  24  12  0  0 0 0 -1 0
18  12  0  10  0  0 0 0 0 0
18  0  0  0  0  0 -1 0 1 0
0  0  30  0  10  0 0 0 0 0
0  20  0  0  0  0 1 0 0 0
40  0  0  20  0  0 0 -1 0 0
15  15  15  15  0  0 0 0 0 0
0  0  0  0  30  0 0 0 -1 1
20  20  0  0  0  0 0 0 0 0
30  0  0  0  0  0 -1 0 1 0
0  0  0  30  0  0 0 0 0 0
0  0  30  10  0  0 0 0 0 0
10  10  10  0  0  0 0 0 1 0
30  0  0  0  0  0 0 0 0 0
0  0  40  0  0  -1 0 0 0 0
30  10  20  0  0  0 0 0 0 0
0  30  0  0  0  0 0 0 0 0
40  0  0  0  0  0 -1 0 0 0
0  30  0  0  0  -1 0 0 0 1
0  0  20  0  0  1 0 0 0 0
0  0  0  40  0  0 0 0 -1 0
10  20  0  0  0  0 1 0 0 0
20  0  20  0  0  0 0 0 0 0
0  0  0  0  30  0 0 0 0 0
30  0  0  0  10  0 0 0 0 0
0  10  30  0  0  1 0 0 0 -1
30  20  0  0  10  0 0 0 0 0
30  10  0  0  20  0 0 0 0 0
20  20  15  0  15  0 0 0 0 0
0  40  0  0  0  0 0 -1 0 0
20  0  0  0  0  0 0 1 0 0
0  0  30  0  0  1 0 0 0 -1
0  0  30  0  0  0 0 0 0 0
0  0  0  20  0  0 0 0 1 0
10  0  20  0  0  0 0 1 0 0
0  20  20  0  0  0 0 0 0 0
0  30  0  0  10  0 0 0 0 0
0  10  0  30  0  -1 0 1 0 0
0  0  30  20  10  0 0 0 0 0
10  0  20  0  30  0 0 0 0 0
15  15  15  15  15  0 0 0 0 0
16  0  0  0  0  0 1 0 0 1
0  48  0  0  0  -1 0 0 0 1
0  0  32  0  0  1 0 0 0 0
0  32  64  0  0  0 -1 0 0 0
0  0  0  64  0  0 0 0 -1 0
0  24  8  0  0  0 0 0 1 1
32  32  0  0  0  0 0 0 0 0
32  0  0  32  0  0 0 0 0 0
16  0  0  0  48  0 0 0 0 0
24  24  24  0  0  0 0 0 0 0
0  48  0  0  16  0 -1 0 0 1
0  0  0  48  16  0 0 0 0 0
0  48  32  16  0  0 0 0 -1 1
16  0  40  0  40  0 0 0 0 0
64  48  0  32  0  0 0 0 0 -1
48  0  48  24  24  -1 0 0 0 0
0  0  64  0  0  -1 0 0 0 0
0  0  16  0  0  0 0 1 1 0
0  0  0  48  0  0 1 -1 0 0
24  0  0  0  8  1 0 0 1 0
8  24  24  0  0  0 0 1 0 0
0  0  0  0  32  0 0 1 0 0
16  0  0  32  0  0 1 0 0 0
0  0  0  0  48  0 0 0 -1 1
0  16  0  48  0  0 0 0 0 0
0  32  32  0  0  0 0 0 0 0
0  48  0  16  0  -1 0 1 0 0
48  32  0  16  0  -1 0 0 1 0
96  0  48  0  0  0 0 0 -1 -1
24  24  32  32  0  1 -1 0 0 0
24  24  24  0  24  0 0 0 0 0
0  0  40  40  16  0 0 0 0 0
24  24  24  24  24  0 0 0 0 0
0  16  0  0  0  1 1 0 0 0
0  0  48  0  0  1 0 0 0 -1
24  0  0  8  0  1 0 1 0 0
32  0  32  0  0  0 0 0 0 0
0  24  24  8  0  0 1 0 0 0
0  0  0  0  64  0 0 -1 0 0
0  32  0  32  0  0 0 0 0 0
0  16  0  0  48  0 0 0 0 0
64  48  0  0  32  0 0 0 0 -1
32  64  64  32  0  0 -1 -1 0 0
0  0  64  32  0  0 0 -1 0 0
0  24  24  24  0  0 0 0 0 0
0  0  0  32  0  0 0 0 1 0
24  24  24  24  0  0 0 0 0 0
96  48  0  0  0  0 -1 0 0 -1
0  0  32  0  16  0 0 0 1 0
55  55  0  22  0  -1 0 0 1 0
11  33  0  33  0  0 0 1 0 0
0  0  55  55  22  0 0 0 0 0
0  66  0  22  0  -1 0 1 0 0
0  22  0  66  0  0 0 0 0 0
0  0  88  0  0  -1 0 0 0 0
0  0  22  0  0  0 0 1 1 0
0  0  0  66  0  0 1 -1 0 0
0  0  0  0  44  0 0 1 0 0
22  0  0  44  0  0 1 0 0 0
0  44  44  0  0  0 0 0 0 0
33  0  0  0  11  1 0 0 1 0
33  33  44  44  0  1 -1 0 0 0
0  0  0  0  66  0 0 0 -1 1
132  0  66  0  0  0 0 0 -1 -1
35  45  55  65  75  0 0 -1 -1 0
33  33  33  0  33  0 0 0 0 0
50  40  30  20  10  0 1 1 0 0
33  33  33  33  0  0 0 0 0 0
66  0  0  0  0  1 0 0 0 -1
33  0  0  11  0  1 0 1 0 0
132  66  0  0  0  0 -1 0 0 -1
0  0  44  0  22  0 0 0 1 0
0  0  0  44  0  0 0 0 1 0
0  0  0  0  88  0 0 -1 0 0
0  44  0  44  0  0 0 0 0 0
0  33  33  11  0  0 1 0 0 0
88  88  44  44  0  0 -1 -1 0 0
66  66  0  0  33  0 0 0 0 -1
0  22  0  0  0  1 1 0 0 0
44  0  44  0  0  0 0 0 0 0
0  33  33  33  0  0 0 0 0 0
0  22  0  0  66  0 0 0 0 0
0  0  88  44  0  0 0 -1 0 0
66  33  0  66  0  0 0 0 0 -1
44  44  0  0  0  0 0 0 0 0
66  0  66  33  33  -1 0 0 0 0
33  33  33  33  33  0 0 0 0 0
0  66  0  0  0  -1 0 0 0 1
0  55  55  22  0  0 0 0 -1 1
0  66  0  0  22  0 -1 0 0 1
0  0  44  0  0  1 0 0 0 0
0  33  11  0  0  0 0 0 1 1
0  0  0  66  22  0 0 0 0 0
44  0  0  44  0  0 0 0 0 0
22  0  0  0  66  0 0 0 0 0
22  0  0  0  0  0 1 0 0 1
22  0  55  0  55  0 0 0 0 0
33  33  33  0  0  0 0 0 0 0
0  44  88  0  0  0 -1 0 0 0
0  0  0  76  0  0 0 0 -1 0
42  42  42  0  0  0 0 0 0 0
0  70  70  28  0  0 1 0 0 0
42  42  42  0  42  0 0 0 0 0
56  112  112  56  0  0 -1 -1 0 0
28  70  0  70  0  0 0 1 0 0
28  28  28  140  0  1 0 0 -1 0
28  0  70  0  70  0 0 0 0 0
0  42  42  42  0  0 0 0 0 0
42  42  42  0  0  0 0 0 0 0
80  0  80  80  40  -1 0 0 0 0
0  0  70  70  28  0 0 0 0 0
70  70  0  28  0  -1 0 0 1 0
0  42  42  42  42  0 0 0 0 0
0  70  70  28  0  0 0 0 -1 1
0  0  42  42  42  0 0 0 0 0
84  84  0  0  42  0 0 0 0 -1
84  0  0  84  42  0 0 0 0 -1
28  28  140  28  0  1 -1 0 0 0
42  42  42  42  42  0 1 1 0 0
98  28  28  28  28  0 0 0 1 1
28  98  28  28  28  1 0 0 0 1
28  28  98  28  28  0 1 0 1 0
28  28  28  98  28  1 0 1 0 0
28  28  28  28  98  0 0 1 0 1
